latent1,latent2,latent3
0.37707733053813924,0.3008409544366767,0.322081715025184
0.37404868031095845,0.25069168765150374,0.37525963203753787
0.3569513486220456,0.2829023180797446,0.3601463332982098
0.3584396225149212,0.24805297914751281,0.39350739833756604
0.35337246060746846,0.2261948350646072,0.42043270432792434
0.3463151459043646,0.21382508922010102,0.43985976487553435
0.34086710168078693,0.20670843126144095,0.45242446705777206
0.3694791918206155,0.1905854068102152,0.43993540136916937
0.38514037704815507,0.19292761645431072,0.42193200649753426
0.3980765849539825,0.1967337796633845,0.405189635382633
0.4103635610606518,0.1976240956622325,0.3920123432771157
0.41177475338837854,0.1415381317385467,0.4466871148730748
0.4300198013148578,0.2020745118316873,0.3679056868534549
0.43486396172113995,0.1477514531743076,0.41738458510455245
0.4419242945637302,0.15585738256204393,0.4022183228742259
0.44372778173850314,0.1638089417607149,0.39246327650078194
0.44068181832609366,0.1696158360691173,0.389702345604789
0.43410496441663204,0.1726847971097902,0.3932102384735779
0.4253500856113025,0.1732735634994704,0.40137635088922696
0.4154204461814599,0.17197928442992325,0.41260026938861677
0.40510863258126445,0.1694546969828284,0.42543667043590705
0.3885088333739183,0.23145931774045458,0.3800318488856272
0.39125923620477226,0.18669055404588356,0.42205020974934426
0.34744762596889583,0.28256029671579574,0.3699920773153085
0.3309771484134372,0.2980220555376533,0.3710007960489094
0.31947788118668996,0.3055836030064074,0.3749385158069027
0.31058073662136937,0.3088384527515784,0.38058081062705224
0.30300268708013667,0.3099353893105996,0.3870619236092637
0.29618787824419146,0.3099306954734053,0.39388142628240325
0.28978480941114787,0.3093885077235091,0.40082668286534295
0.2835570646808672,0.30865097205680725,0.4077919632623256
0.2877192006764174,0.31771190605328686,0.3945688932702958
0.29836300926889747,0.3141395854382229,0.38749740529287974
0.3056500427823791,0.3116813088354145,0.3826686483822065
0.31249444894000566,0.30850810322185185,0.3789974478381424
0.3207876873121221,0.3037777031344341,0.37543460955344377
0.3294556809280864,0.2980157849064198,0.37252853416549386
0.3375039115584357,0.29263509767280305,0.3698609907687612
0.3448828482661992,0.2871014863472041,0.3680156653865967
0.3509266520446448,0.2823466777127003,0.366726670242655
0.35609694219855836,0.27757821068089844,0.36632484712054314
0.3597667107845089,0.2736350136204877,0.36659827559500335
0.36272306247004105,0.2696213889956847,0.3676555485342742
0.36425615688611535,0.2663884151399137,0.3693554279739709
0.3653786441943166,0.26296534162529356,0.3716560141803899
0.3652157269083463,0.26028198171946626,0.3745022913721875
0.3649719669117363,0.25726655855199376,0.3777614745362699
0.36353948341669773,0.2549956496490528,0.38146486693424947
0.36233430433654074,0.25224007920142943,0.38542561646202983
0.3599040756935824,0.2503742582983141,0.38972166600810354
0.3579846509124412,0.2478464645150235,0.39416888457253535
0.35477297170245214,0.24630450052956382,0.398922527767984
0.35239247485223424,0.24382320389578802,0.40378432125197766
0.34853931262113375,0.24255064314794791,0.4089100442309183
0.34582964642868824,0.24003305079716658,0.41413730277414523
0.34137366199023506,0.23905072246191894,0.41957561554784606
0.3383617626087659,0.2364844872045866,0.4251537501866476
0.33330056050183937,0.23582842438044543,0.4308710151177153
0.329926562146639,0.23326537052745686,0.43680806732590416
0.3242769229440483,0.23292821187543772,0.4427948651805139
0.3204035590378812,0.23049246227657944,0.4491039786855395
0.3142357179293564,0.23038299524715597,0.45538128682348766
0.30967269594286273,0.22825977606742245,0.46206752798971495
0.3030881501315777,0.22821950929286042,0.4686923405755618
0.29765126129202263,0.2265915551210335,0.47575718358694385
0.29069383285277817,0.22649251548465082,0.4828136516625709
0.28417703789049487,0.22558688595813403,0.49023607615137105
0.27655384838130503,0.22571768077790572,0.49772847084078914
0.26880047119766615,0.22562162238651443,0.5055779064158195
0.2602311755515915,0.22610236645339873,0.5136664579950099
0.269467662258781,0.22517779119734405,0.5053545465438749
0.2707471960935173,0.23320706520381115,0.4960457387026716
0.26884333089362383,0.24362273168971227,0.4875339374166638
0.2648071360827625,0.25661142698995754,0.47858143692728
0.2555514937022517,0.2757040576963641,0.46874444860138426
0.24136986474470212,0.30148868174364046,0.4571414535116574
0.22921154181169712,0.3307809113890396,0.44000754679926335
0.2222743160754086,0.3606028806794045,0.41712280324518686
0.2197618903548788,0.3890387947719996,0.39119931487312165
0.2201973222872468,0.4144687448703239,0.36533393284242927
0.2451478136151619,0.4239019450374401,0.3309502413473979
0.24264029464215406,0.44721596111941747,0.31014374423842833
0.24291920249486945,0.46414702992748436,0.2929337675776462
0.24648992853801185,0.4757447721946193,0.2777652992673689
0.2551437065762931,0.4845400989123858,0.2603161945113212
0.2726871288465705,0.4936896065612718,0.23362326459215774
0.30280135976593847,0.5006659331131996,0.19653270712086182
0.3403347886544826,0.4956642080600044,0.1640010032855131
0.38421002357535233,0.4700975231929724,0.14569245323167526
0.44474864020044075,0.4210493651684924,0.1342019946310668
0.4917285885737435,0.35987523187486525,0.1483961795513912
0.5155655499385334,0.3393889023989423,0.14504554766252417
0.5178658705186373,0.33262055059446477,0.1495135788868979
0.509630754667439,0.3298303424740464,0.16053890285851452
0.500290075190144,0.32263440051730524,0.17707552429255072
0.4943231711816178,0.3077104687889049,0.19796636002947726
0.4845925144428137,0.2864791104009042,0.22892837515628203
0.4758077553546165,0.2691144294060532,0.2550778152393302
0.47005367493603933,0.26588838268114856,0.2640579423828121
0.5433352348910752,0.1994582719626239,0.257206493146301
0.6327005424173083,0.14026279855550824,0.22703665902718337
0.6284438501094678,0.13216644891120816,0.23938970097932413
0.6181337447003408,0.14089104592743923,0.24097520937221997
0.6100300135563452,0.14517959006063033,0.2447903963830244
0.5964407684885208,0.13758300901347514,0.265976222498004
0.53637701521605,0.1303940025176654,0.3332289822662845
0.4587330772781044,0.13099398738223952,0.41027293533965614
0.42087665651837625,0.14734118626348602,0.4317821572181377
0.40181776192154117,0.22394301109902182,0.37423922697943696
0.39695301551333245,0.17198516563188312,0.43106181885478434
0.39687356153764053,0.22415072786334053,0.37897571059901886
0.40009029581058575,0.15927317979713637,0.4406365243922779
0.4135319585535022,0.20124846123266438,0.38521958021383335
0.41092454506347437,0.1453264728425696,0.443748982093956
0.4275942024428826,0.18774046705563197,0.38466533050148544
0.413728454318864,0.14172351346549356,0.4445480322156425
0.42325531547111206,0.18774135226220964,0.3890033322666783
0.40060584965439594,0.14472885312705747,0.45466529721854665
0.40322745284843364,0.1955777366906426,0.40119481046092376
0.378103200516862,0.15166629269994578,0.4702305067831921
0.37782810286516516,0.20673933443609724,0.4154325626987375
0.36563830019030724,0.21264301162399837,0.42171868818569436
0.35498719533205564,0.21852737431737482,0.42648543035056957
0.34509594769850604,0.22574691463140284,0.42915713767009117
0.3270729741715045,0.24799030167100378,0.4249367241574916
0.31628777076374404,0.27306491687422824,0.4106473123620278
0.3086106048994813,0.29227584169014204,0.39911355341037663
0.29260510555318026,0.37563720757672897,0.3317576868700908
0.2785551897682562,0.4344136227370484,0.2870311874946954
0.2658409983323289,0.488759652069974,0.2453993495976972
0.2622977641065005,0.5029634402037204,0.23473879568977898
0.2598864314746529,0.5023532947850606,0.23776027374028633
0.25785633653553797,0.4944792163172578,0.24766444714720431
0.2558987898156755,0.4829853079252425,0.261115902259082
0.2539237146028702,0.4701621593569143,0.2759141260402155
0.2518808801517541,0.4575936340415174,0.2905254858067286
0.2496459088493897,0.4463208336450152,0.3040332575055952
0.24704700835584392,0.43690806626295653,0.31604492538119966
0.24393843690866635,0.4295496061553411,0.32651195693599266
0.24024484658286185,0.4242053022217908,0.33554985119534736
0.23596665571073058,0.42071776813062184,0.3433155761586477
0.23116416441657228,0.4188912031398652,0.34994463244356255
0.22593700005347678,0.4185340577474325,0.3555289421990907
0.2204062587532176,0.4194767146182773,0.36011702662850514
0.21470103003327742,0.42157311299729777,0.3637258569694248
0.2089478299359356,0.4246931945254446,0.3663589755386199
0.20326120168417694,0.42871020609359173,0.36802859222223133
0.19773226668611635,0.4335990034503832,0.36866872986350047
0.19242778870280425,0.43921764479874864,0.36835456649844717
0.2551038352906268,0.318958821235095,0.42593734347427814
0.2108494260589122,0.33578344592450404,0.45336712801658385
0.1836867806637138,0.37391695596692726,0.442396263369359
0.18212410318245226,0.4093754498767243,0.4085004469408234
0.20589834651008487,0.4230038583833016,0.37109779510661345
0.20194779458970386,0.4292903266185084,0.3687618787917876
0.22429644823644765,0.44666937518109734,0.329034176582455
0.24524365736114678,0.4755479898249672,0.279208352813886
0.26354134281055996,0.4536825336910435,0.28277612349839654
0.2722685679790897,0.44127382817111316,0.286457603849797
0.26020350050371965,0.4717117442646869,0.26808475523159353
0.30698622816940946,0.39625993201346255,0.29675383981712816
0.4159703868503287,0.3713022039866751,0.21272740916299626
0.45225295836042056,0.3664845594442063,0.18126248219537305
0.5214820374839577,0.32001639415327365,0.15850156836276866
0.5622459849949177,0.28628241107280555,0.1514716039322768
0.5654495578930288,0.27456933908083275,0.1599811030261384
0.5472513239455453,0.27196659168593545,0.1807820843685192
0.5282765884363284,0.26152681923698495,0.21019659232668664
0.5066569620253466,0.24941868676793258,0.24392435120672085
0.4933024854964042,0.23502652205203112,0.2716709924515647
0.4900460055815762,0.21971234977913817,0.29024164463928565
0.48351285128430743,0.22157397204883175,0.2949131766668609
0.46678803999308505,0.2518194467846931,0.28139251322222175
0.5794915971202745,0.16920623232153792,0.25130217055818754
0.6192459010340108,0.14301411249271714,0.23773998647327202
0.6177955974836534,0.13414673023019125,0.2480576722861553
0.6056263148796479,0.1320069775070704,0.26236670761328157
0.5927627111235406,0.13854549402613958,0.2686917948503198
0.5573117677932621,0.1342673933830991,0.3084208388236388
0.5013619319723235,0.1277613956477597,0.37087667237991684
0.4406339985793231,0.12098171934174329,0.43838428207893365
0.4065114952203474,0.12009932404462907,0.4733891807350236
0.41286688671169525,0.18040395452050514,0.4067291587677996
0.40918448181180017,0.16491230627044673,0.4259032119177532
0.4048559813398672,0.2479827949701504,0.34716122368998237
0.40738447209529854,0.21936493843765253,0.3732505894670488
0.4071892673906038,0.2397714400574145,0.3530392925519817
0.4045561189440032,0.25687383520767326,0.33857004584832356
0.399557786392837,0.2689474558285615,0.3314947577786014
0.3942494267540971,0.27696089553046244,0.32878967771544043
0.39366688477175676,0.2798653055473354,0.3264678096809077
0.40010533998766407,0.2752571986885379,0.324637461323798
0.4115391810437599,0.2631185261069977,0.3253422928492425
0.42292565743141053,0.24545360565924837,0.3316207369093411
0.4294770890407928,0.22517030400506896,0.3453526069541383
0.42905577900839814,0.20491505250021608,0.3660291684913858
0.42220214210569673,0.18670842178047678,0.39108943611382646
0.4109569129261364,0.17171549440385403,0.4173275926700097
0.403229027350277,0.2116458122507277,0.3851251603989953
0.38389193563634666,0.15250922958147425,0.46359883478217906
0.3837232711284451,0.19501559818372466,0.42126113068783033
0.3679187786208518,0.1954559550515985,0.4366252663275498
0.3508707394368453,0.20675618404615642,0.4423730765169982
0.3424440645445945,0.22359992852018404,0.43395600693522157
0.33673639808354255,0.23782832691389116,0.4254352750025664
0.3372034168318142,0.25597266872690083,0.406823914441285
0.31735638452879517,0.35368909311239194,0.32895452235881284
0.3451935671672269,0.34647882720973905,0.30832760562303413
0.33669855890991973,0.37156827873005993,0.2917331623600204
0.3334914695215333,0.3747877762003269,0.29172075427813987
0.3322058743625276,0.3685520256802037,0.2992420999572687
0.3315942069915211,0.35877734362635705,0.30962844938212186
0.3310292601631798,0.3483551058794449,0.32061563395737525
0.330125798022205,0.33866939017884906,0.33120481179894584
0.32866105199305834,0.33028156163034866,0.34105738637659294
0.24952438292204787,0.39321013229557,0.35726548478238224
0.32375012229334743,0.3176832786301497,0.35856659907650296
0.24523098015882697,0.3839783308026609,0.3707906890385122
0.31628988032811484,0.30981319236079113,0.37389692731109403
0.23868153704478481,0.37799473589185945,0.3833237270633557
0.23459838165274718,0.376091751952148,0.3893098663951048
0.2300034168544114,0.374878888327964,0.3951176948176246
0.22491653181067867,0.37434954032499995,0.4007339278643213
0.21936069461307903,0.3745106886267992,0.4061286167601217
0.21336758035657385,0.37537996919339905,0.411252450450027
0.2069840768229783,0.3769824993813248,0.41603342379569686
0.20027886913466345,0.3793475888975232,0.42037354196781346
0.19334796412363464,0.38250619769903604,0.4241458381773293
0.18631848430050804,0.38648937862002225,0.42719213707946957
0.17934915530696993,0.3913284598002299,0.4293223848928002
0.17262511408392037,0.3970576803223223,0.4303172055937573
0.1662760044072527,0.4037575645722072,0.4299664310205401
0.16050377259811968,0.41149543835240177,0.42800078904947864
0.15550394055149497,0.4203221537191252,0.42417390572937996
0.15137401309070836,0.43027571147514393,0.41835027543414766
0.1928995412679378,0.3898817594677233,0.4172186992643389
0.1436529393537936,0.45760665685746155,0.3987404037887449
0.1940267472159046,0.4550811888917104,0.3508920638923849
0.1988842865863123,0.4905372265438772,0.31057848686981054
0.2187082386485192,0.4619559845585923,0.31933577679288844
0.2204643425354909,0.4742963506340082,0.3052393068305007
0.22303157846025173,0.452545353303953,0.3244230682357952
0.24071704044049255,0.4350526250754101,0.3242303344840974
0.25022664202818945,0.4534470175821209,0.2963263403896897
0.2580440076297987,0.45474944665527195,0.28720654571492943
0.2763836661587315,0.43312738629972,0.2904889475415486
0.2828976931843848,0.4233721531391501,0.29373015367646516
0.2538206167030443,0.4203082834477769,0.3258710998491789
0.3784890571144152,0.36230575547385413,0.25920518741173065
0.4024932771584477,0.4105499306086259,0.18695679223292647
0.4866976239162257,0.36887876190188246,0.14442361418189187
0.5111981383934996,0.355632854324343,0.13316900728215725
0.549409136232233,0.3204103081964865,0.13018055557128044
0.5656914106080255,0.29339600516593217,0.14091258422604222
0.5644437383338449,0.27151473802548864,0.16404152364066654
0.5510384682120343,0.25151528485112107,0.1974462469368447
0.5317340655831504,0.23222339177870457,0.23604254263814498
0.5055105463822049,0.21449462975891062,0.2799948238588844
0.47803639320555646,0.2138093380403626,0.3081542687540808
0.5504272109672456,0.15613015767735786,0.29344263135539667
0.5955724118983388,0.13907565021870702,0.2653519378829543
0.6207038740534674,0.13012951057669533,0.2491666153698372
0.632323623799322,0.12087390950945438,0.24680246669122355
0.6359623788273966,0.126487281272052,0.23755033990055147
0.6261163451277292,0.1276518307602034,0.24623182411206754
0.5577659383680528,0.12019022944805205,0.3220438321838952
0.4683703067737262,0.11820165350847779,0.41342803971779585
0.4212760535291168,0.1216999363346295,0.4570240101362536
0.42203944045956854,0.18598581158652952,0.3919747479539019
0.41633161593547874,0.17124243704170064,0.41242594702282054
0.40889479159956044,0.20547242296746185,0.3856327854329777
0.40368043247772983,0.23208559044858743,0.36423397707368266
0.4057848858251335,0.24728764121803354,0.346927472956833
0.40904344002707155,0.25588198991073496,0.3350745700621936
0.40995446884020864,0.26096127239221784,0.3290842587675735
0.4105344759010348,0.263429809336121,0.32603571476284415
0.41552682631372984,0.26138842213740965,0.32308475154886057
0.4271091245991479,0.25311459171495854,0.3197762836858936
0.4423768212181327,0.23935575444644372,0.3182674243354235
0.4557983924427795,0.22254453920698558,0.321657068350235
0.46307233485047716,0.2047683112539089,0.33215935389561385
0.46232145009022796,0.18747976898777735,0.35019878092199475
0.45373204569767944,0.1718950480110869,0.37437290629123376
0.4391785770990758,0.1589649197327781,0.401856503168146
0.4215202782799323,0.14923915551423897,0.42924056620582873
0.414842602690299,0.1883445685883916,0.39681282872130935
0.38703698260595903,0.13990787368784877,0.47305514370619206
0.3878483606216978,0.18425124887275304,0.4279003905055492
0.3645163568069164,0.19317196251115068,0.4423116806819329
0.35276536994805036,0.21172502238798102,0.43550960766396857
0.34595201849081575,0.23010095071562706,0.4239470307935572
0.35074892755104986,0.2570652481894814,0.39218582425946874
0.3282340767760491,0.3542921970914745,0.31747372613247643
0.36533681670645657,0.33985201854381913,0.2948111647497243
0.31257130672724115,0.3653796074821351,0.32204908579062375
0.3586944381557903,0.3580534432447625,0.2832521185994472
0.31069417781251235,0.36340485599255,0.3259009661949375
0.3585098296477218,0.3401957696987691,0.3012944006535091
0.30945593439926783,0.3462461359089757,0.3442979296917565
0.3572117682016096,0.3216737465115244,0.321114485286866
0.30561792913273833,0.3299459231447743,0.36443614772248745
0.2735292348993328,0.379241530054405,0.3472292350462623
0.3496412147497722,0.3036075300908773,0.3467512551593505
0.29489879743557634,0.3127891295223588,0.39231207304206495
0.265400193728618,0.36726996039260695,0.367329845878775
0.2618015911405984,0.3644811037026266,0.373717305156775
0.2578494027998471,0.3621594518405546,0.37999114535959827
0.2535768241696274,0.3602622469096736,0.3861609289206989
0.24900107890705592,0.3587683225183914,0.3922305985745527
0.2441248130401131,0.35767548973698865,0.3981996972228982
0.2389386784719087,0.35699844567262917,0.40406287585546213
0.23342511588727546,0.35676711991699384,0.4098077641957308
0.22756365885440538,0.3570249219032924,0.41541141924230235
0.22133758399071468,0.35782666157776505,0.4208357544315202
0.21474216287707176,0.3592353251949195,0.4260225119280088
0.20779366393196405,0.361318108676464,0.43088822739157195
0.2005387214190325,0.3641418428271905,0.4353194357537769
0.19306307262222291,0.36776870406855583,0.43916822330922134
0.18549801989663084,0.3722535586384131,0.4422484214649561
0.1780222085986685,0.37764421559500366,0.4443335758063277
0.1708543566838429,0.38398705286885837,0.4451585904472988
0.1641677008887103,0.39137559105019204,0.44445670806109777
0.15818860016555458,0.3999059929735296,0.4419054068609158
0.15314026444917,0.4096768417609756,0.4371828937898543
0.14901701860404673,0.42082567075990696,0.43015731063604634
0.1436564481919154,0.43424576519474106,0.4220977866133436
0.18859987891083071,0.4154385318483302,0.3959615892408392
0.19265635201683706,0.45323928300743455,0.3541043649757283
0.19425676380412848,0.4910339347435067,0.31470930145236475
0.20323510310719417,0.480021171878042,0.3167437250147639
0.2097850639281367,0.47510527483586573,0.31510966123599754
0.21359408068618305,0.4514281157271982,0.33497780358661866
0.23732956840964461,0.43436756257721093,0.3283028690131445
0.2486348746331014,0.4571056404277805,0.29425948493911797
0.25928449299166206,0.4491841036577478,0.29153140335059025
0.27772439131016774,0.427249379290777,0.2950262293990552
0.2802891492126033,0.4242487090923051,0.2954621416950917
0.26295733029710106,0.3946320235570321,0.3424106461458669
0.39135468322353223,0.35179329138909554,0.2568520253873723
0.40870407460414254,0.4031790768333605,0.18811684856249689
0.4617021630489832,0.3850855339417877,0.15321230300922928
0.5219155890854709,0.34259133695922717,0.1354930739553019
0.5574416362882261,0.3091873803207818,0.13337098339099213
0.5654264774287643,0.2887704199981134,0.14580310257312232
0.5618923414183011,0.2680765605431154,0.17003109803858332
0.5470159464745328,0.2487362462279889,0.2042478072974783
0.5271953593531636,0.22995950865533038,0.242845131991506
0.5024256793276379,0.21309730996549717,0.2844770107068649
0.47501527222465284,0.2139364728390682,0.31104825493627897
0.5169244479127081,0.17596275255202118,0.30711279953527065
0.5833769334660558,0.1405725240625124,0.2760505424714318
0.6175507350826153,0.13004755711061022,0.2524017078067744
0.6352415072371178,0.12239269008392732,0.24236580267895477
0.6382348680260612,0.12892094842446794,0.23284418354947084
0.6252882237200733,0.13175577794638466,0.24295599833354195
0.5605413465112157,0.12503008554690428,0.31442856794187996
0.47541776375311845,0.12270281177518033,0.40187942447170133
0.4273606884675425,0.12682422093078785,0.44581509060166974
0.42229802808163375,0.19469798083417672,0.3830039910841896
0.41357266580088237,0.18039016061346339,0.40603717358565417
0.4075711635628764,0.2132770837935011,0.37915175264362255
0.4025570327345985,0.23809349984402645,0.3593494674213751
0.4038203386391279,0.25101660918664803,0.3451630521742241
0.40783457657738703,0.2559785388685311,0.33618688455408186
0.4107001489787489,0.25752186741035177,0.3317779836108993
0.4139954824320734,0.25609256468930075,0.32991195287862585
0.4212125271827073,0.25048155259240623,0.3283059202248865
0.43342184156215824,0.23978062813502615,0.32679753030281566
0.4476095642759974,0.2253869964111751,0.3270034393128275
0.45920717631226804,0.2095056495963656,0.3312871740913664
0.4648528613512416,0.19360144261801163,0.34154569603074664
0.46298134186090634,0.17854234220757031,0.3584763159315233
0.4536712164123436,0.1651394280701818,0.3811893555174747
0.4386871206192134,0.15412476238393938,0.40718811699684726
0.4207708906780738,0.1459969732717811,0.433232136050145
0.4147802996845045,0.18570796479824675,0.39951173551724867
0.3861450844162534,0.13919690575819008,0.47465800982555645
0.3859686092463616,0.18501762104474725,0.42901376970889105
0.36230617960247014,0.19659522693511747,0.4410985934624124
0.3520596236620694,0.2165540436386381,0.4313863326992926
0.34562564420612785,0.2340223176002986,0.42035203819357364
0.3523427751460272,0.2663844154357006,0.3812728094182722
0.3233738834273098,0.3624857966460479,0.3141403199266423
0.3647409181131056,0.3440712403441633,0.2911878415427309
0.3128108379275275,0.36684933075634857,0.3203398313161238
0.3592287119244091,0.35816976331527944,0.2826015247603115
0.31130220881530224,0.36303914264389553,0.32565864854080223
0.3590531284461374,0.3397678626778754,0.30117900887598725
0.3099244368193401,0.34569177033607096,0.34438379284458903
0.3575595946107222,0.32139117932099537,0.3210492260682824
0.30590597331797953,0.3295361266003717,0.3645579000816488
0.27370797707534256,0.3791828504432545,0.34710917248140305
0.3497500233118724,0.3035840558421125,0.3466659208460152
0.295006822022758,0.31262674026221887,0.39236643771502316
0.2654210896197293,0.3673802539792877,0.367198656400983
0.33697602501250445,0.2942362042501786,0.36878777073731706
0.2578101416147736,0.36233278466822805,0.37985707371699834
0.2535152772141017,0.36045869931739283,0.38602602346850545
0.24892042303444553,0.35898465759964526,0.3920949193659093
0.24402714447353036,0.3579098693683496,0.3980629861581201
0.2388252937613806,0.3572502241136458,0.40392448212497367
0.23329681194489732,0.35703663055074825,0.4096665575043543
0.22742101844913434,0.35731328755104635,0.4152656939998193
0.2211812598490906,0.35813561735015903,0.4206831228007504
0.21457316843163393,0.35956705716509646,0.42585977440326966
0.20761373226332167,0.361675058536164,0.43071120920051437
0.20035061658396588,0.3645266258298614,0.43512275758617264
0.19287096906995146,0.36818400881889335,0.43894502211115527
0.185307865951608,0.3727020491290788,0.4419900849193132
0.17784178744031087,0.37812866709649634,0.44402954546319284
0.17069299633227067,0.3845104929605918,0.44479651070713755
0.16402972630058238,0.3919447564436932,0.4440255172557244
0.15808551105223811,0.4005253067875223,0.44138918216023965
0.1530799618648253,0.41034769568944707,0.43657234244572757
0.14879286761597674,0.4216150873946173,0.42959204498940595
0.1435465894340228,0.4352492745336024,0.4212041360323748
0.1889642313777475,0.4177669744829875,0.39326879413926497
0.1932164490155775,0.4556150100290567,0.3511685409553658
0.1932410566771203,0.49388079202965074,0.31287815129322905
0.20250435360458247,0.48206026118662215,0.3154353852087953
0.20969826703880032,0.47613680387634166,0.314164929084858
0.21553534576643235,0.44957607893817286,0.3348885752953948
0.23817009728983815,0.43399081622061286,0.32783908648954896
0.2486253757434238,0.4576930466517234,0.29368157760485264
0.2614735069440295,0.44825634589611624,0.2902701471598543
0.2795705779093573,0.4272523235847174,0.2931770985059253
0.2818195707518237,0.42570718604600627,0.29247324320217
0.26732282309731736,0.39527595234469853,0.33740122455798416
0.39746355232623026,0.35489465508080265,0.24764179259296712
0.4126565309900296,0.4045057726229217,0.18283769638704864
0.46723637953151387,0.3827240527958909,0.15003956767259527
0.5259196647196044,0.34037458191520575,0.13370575336518997
0.5585520687153706,0.3085245831857751,0.1329233480988545
0.5671168598241122,0.2867821520291498,0.14610098814673803
0.5625314835154491,0.26628003944526424,0.17118847703928655
0.5472433299930626,0.246881444335098,0.20587522567183938
0.5272219388339142,0.22824796547852824,0.24453009568755749
0.5010917021103058,0.21158307742739652,0.28732522046229764
0.4739920827727212,0.21510164451824712,0.3109062727090316
0.5473191556011815,0.15684843816055993,0.29583240623825857
0.5937489996929763,0.13847726477099026,0.2677737355360334
0.6213399826135011,0.1286537263750421,0.2500062910114569
0.6361461146492403,0.1219510923706639,0.24190279298009568
0.6363024205791636,0.12918482800902176,0.23451275141181455
0.6199738638004333,0.1304449665768216,0.24958116962274512
0.5527143758920338,0.12344910652839428,0.3238365175795719
0.46933190611555675,0.12116895529124659,0.4094991385931966
0.42518268599849585,0.12606549581479456,0.4487518181867097
0.4231175055553564,0.1948157364044143,0.3820667580402294
0.41402827949539706,0.1806977328803866,0.4052739876242163
0.40809350456731425,0.21334805334415557,0.37855844208853007
0.4039148825784073,0.23750474246528386,0.3585803749563088
0.40679695814000516,0.2505737444993798,0.34262929736061504
0.4098979035271748,0.25671022634671564,0.3333918701261096
0.41146532335861746,0.2598925890795416,0.328642087561841
0.41379600828174123,0.25961379518861943,0.3265901965296393
0.4210605103498095,0.25477757363837694,0.32416191601181343
0.4341274575290794,0.24407409496585308,0.3217984475050676
0.4493418397484145,0.22921139339990698,0.32144676685167844
0.4616820402409154,0.2125262321560913,0.3257917276029934
0.46756775177732857,0.1957062144154901,0.33672603380718136
0.46563382168793366,0.179760185234684,0.3546059930773823
0.456066170396015,0.16559343412252517,0.3783403954814598
0.4407843827052055,0.15396722588236758,0.40524839141242697
0.42255827574082117,0.14534585865780408,0.43209586560137464
0.41666750283740417,0.184264175444784,0.3990683217178118
0.38739018347482007,0.13774858975892965,0.47486122676625026
0.38861145403932673,0.18238112464275158,0.4290074213179217
0.36607676090533214,0.19149386780757272,0.4424293712870952
0.3538499412121032,0.20977524796657954,0.4363748108213171
0.3468338492424074,0.22851163843019176,0.4246545123274008
0.3533769194072583,0.25975747185906783,0.38686560873367387
0.32769690817102787,0.35598536500924033,0.3163177268197318
0.36663720542641876,0.33928435517766964,0.29407843939591155
0.31399845459788556,0.36356056594999325,0.3224409794521212
0.3603434658988796,0.35557140911477814,0.28408512498634236
0.3123323061765814,0.3607428991015487,0.32692479472186986
0.3603167733518522,0.33752427179636035,0.30215895485178745
0.3111580173016079,0.343637288142314,0.34520469455607805
0.2779234934599332,0.3888222457339866,0.3332542608060802
0.3570831470853375,0.31209300496878595,0.33082384794587644
0.3041568551489623,0.32113248697624636,0.3747106578747914
0.2728448805998601,0.37229724054619673,0.35485787885394315
0.3473141897519152,0.29776151677257773,0.354924293475507
0.266807142984226,0.3651373274002122,0.3680555296155618
0.26317939285611625,0.36237409169043916,0.3744465154534446
0.25921933867135755,0.3600545227627764,0.380726138565866
0.2549619343959475,0.35813473028761506,0.38690333531643734
0.25042519966368537,0.3565929576469855,0.39298184268932923
0.24561156262876865,0.3554268035662371,0.3989616338049943
0.24050989114821328,0.35465136050540075,0.40483874834638595
0.23509884255642752,0.35429766781224264,0.4106034896313298
0.22935154307363584,0.3544114401764547,0.4162370167499095
0.2232420661857825,0.35505132862832733,0.4217066051858902
0.21675373173907,0.3562861918414448,0.4269600764194852
0.2098890370265084,0.35819098340919564,0.43191997956429606
0.2026806157484381,0.3608413952932433,0.4364779889583185
0.19520191959907215,0.3643083085778946,0.44048977182303317
0.1875761313717905,0.36865307485943644,0.443770793768773
0.17997974726649335,0.37392636474305485,0.44609388799045185
0.1726370554266784,0.38017229176437367,0.4471906528089478
0.16574571984511005,0.38747344295781877,0.44678083719707107
0.1595321744470771,0.39592232138015204,0.4445455041727708
0.1542476400783741,0.4056104825961958,0.44014187732543003
0.1500233157305557,0.4166403310046139,0.43333635326483044
0.14445574348798518,0.42998543362931624,0.4255588228826986
0.18907785967905008,0.4093572196135435,0.40156492070740635
0.1927657442521286,0.4472266094663842,0.3600076462814871
0.19478955201358664,0.48564118313481514,0.3195692648515983
0.18573999745065953,0.516278878376468,0.29798112417287237
0.2054920957413319,0.4817543809180075,0.3127535233406606
0.2087596950552661,0.4624106056510982,0.3288296992936356
0.23645711046465934,0.4390603600518169,0.3244825294835238
0.2513776436712134,0.45515661516782063,0.29346574116096585
0.2530601854546718,0.45278780409993374,0.29415201044539463
0.27118182332530133,0.4298603896171325,0.29895778705756615
0.279607370365257,0.4154337304070373,0.30495889922770575
0.24930395721202944,0.41608046537121546,0.334615577416755
0.3620842958441116,0.34333585735229033,0.29457984680359817
0.3944846320692009,0.39975229400951423,0.2057630739212848
0.4752399098663833,0.3680321434173583,0.15672794671625842
0.4993626756848173,0.36158920639682446,0.13904811791835828
0.5469513807422979,0.3207868650320896,0.13226175422561245
0.5623329240547487,0.2965184965199899,0.14114857942526146
0.563914252424609,0.2739202902260814,0.16216545734930946
0.5534715574439373,0.25246771601995044,0.19406072653611225
0.5360836087005567,0.23179457390666447,0.23212181739277882
0.5144796491011716,0.2131320413322352,0.27238830956659316
0.4827371983027081,0.20998281439290345,0.3072799873043884
0.44720464378180225,0.22568518812108107,0.3271101680971166
0.5451694600270955,0.15255043589722933,0.30228010407567524
0.5894190504669834,0.13917962825852903,0.2714013212744876
0.6203780109489335,0.12541668953857968,0.2542052995124867
0.6407731360147394,0.12404974932622768,0.2351771146590327
0.6293011860540989,0.13372734388860588,0.2369714700572951
0.5766507423160113,0.1303160730262775,0.2930331846577112
0.49641347458826884,0.12663169525944898,0.37695483015228226
0.43574242611575087,0.12557365072278986,0.4386839231614594
0.42005587783342,0.18162847467845608,0.39831564748812387
0.41682574338437006,0.16566857592618014,0.41750568068944977
0.401735507117588,0.2578903000461993,0.3403741928362127
0.40415278218118195,0.22817498792629723,0.3676722298925208
0.40126868560918866,0.24729398513196707,0.35143732925884413
0.4039499384014778,0.25795161717916687,0.3380984444193552
0.40569811863863253,0.26173219797293334,0.3325696833884342
0.4065722293548775,0.2637138849876646,0.32971388565745785
0.40985542370459105,0.2613390103330181,0.32880556596239086
0.41912344956105957,0.25360786668164703,0.32726868375729345
0.43316359430366597,0.23982015481122737,0.3270162508851068
0.44701258419350764,0.22268335379176277,0.3303040620147295
0.45619157737921845,0.20467100759240422,0.33913741502837746
0.45816630786587337,0.18744196496794868,0.35439172716617795
0.4526741174377341,0.1719670087520151,0.37535887381025085
0.44068118819392993,0.15896651716682175,0.4003522946392482
0.42460913687651647,0.14896457378413677,0.42642628933934673
0.4184409053300378,0.18690957512543901,0.39464951954452315
0.39033043178885257,0.13878208580443327,0.47088748240671424
0.3909012503180909,0.18221950355226052,0.4268792461296486
0.365791052606981,0.1913260238307709,0.4428829235622482
0.35310524055621734,0.21106890851887364,0.4358258509249091
0.3459929732766284,0.23059938062680668,0.4234076460965649
0.34641973880367855,0.25070525721380366,0.40287500398251774
0.3333031853336903,0.3430879822286037,0.323608832437706
0.3627874512512698,0.3362866596659126,0.30092588908281753
0.3098856602909039,0.36430798033319955,0.32580635937589647
0.35531724275574655,0.3616902805958675,0.282992476648386
0.3551434322219879,0.35485924961681503,0.28999731816119695
0.3073120216659147,0.3578473114826579,0.33484066685142744
0.35498583225689023,0.3352472045901672,0.30976696315294244
0.30519403682211577,0.3404542404989989,0.3543517226788853
0.2723130617755416,0.3892333089712716,0.3384536292531869
0.3500547188844006,0.31255804458451614,0.3373872365310832
0.29675042941539054,0.3201121917552073,0.38313737882940213
0.2660416667759059,0.3746811239666262,0.35927720925746787
0.33919749298367885,0.30012980455818683,0.3606727024581342
0.25941990249559616,0.3683908910254147,0.3721892064789891
0.2555212076118818,0.36601786740902437,0.3784609249790939
0.25127606052809726,0.3640981300273023,0.38462580944460034
0.24670130974088847,0.3626114981798389,0.39068719207927266
0.24180121373623198,0.36155564079917907,0.39664314546458895
0.23657002191009732,0.3609441662189629,0.40248581187093985
0.23099620004760593,0.3608046067976567,0.40819919315473735
0.2250675942382623,0.36117672061868583,0.4137556851430519
0.218778278243568,0.3621098470444479,0.41911187471198413
0.21213593225707628,0.3636600364213918,0.424204031321532
0.20516978012099665,0.3658865986285159,0.42894362125048735
0.1979385609332492,0.3688484931667903,0.4332129458999605
0.19053744519135077,0.3726017097017799,0.43686084510686934
0.18310320423759793,0.37719776933255184,0.43969902642985015
0.17581452068996165,0.38268529299049764,0.44150018631954074
0.16888376639408878,0.3891158144687669,0.4420004191371443
0.1624636875766933,0.3965928017572265,0.4409435106660803
0.15677326034328376,0.40521717030463067,0.43800956935208557
0.15200792733972207,0.41508449699875016,0.43290757566152777
0.14770689757212774,0.4264450362686816,0.4258480661591908
0.18876286051868282,0.391553984465819,0.41968315501549824
0.14193910104478183,0.45817093662802655,0.39988996232719165
0.19289712127353775,0.4617052252495023,0.34539765347695994
0.19368552709548864,0.49447125118909985,0.3118432217154115
0.2124571020273147,0.468384997698489,0.31915790027419627
0.21727222673440086,0.47462062170450225,0.3081071515610969
0.22646055519509323,0.4459209767719346,0.32761846803297223
0.24362846776510083,0.43394322226183196,0.32242830997306715
0.24985902954446196,0.46465977751668563,0.28548119293885227
0.26547896151117195,0.44557085377085465,0.2889501847179735
0.2799527791402839,0.4277253437173056,0.29232187714241054
0.2650446689834718,0.4655178859325797,0.26943744508394857
0.3143863098929045,0.3907382344131568,0.2948754556939386
0.42880711190276616,0.3662539573509126,0.2049389307463213
0.4536925210398956,0.3793020106104289,0.1670054683496756
0.5177688594178013,0.33809905518833316,0.14413208539386566
0.5603171643774462,0.3034161041332848,0.13626673148926904
0.568329323829035,0.28780360840709096,0.14386706776387415
0.5633879541054142,0.2730787876473301,0.1635332582472557
0.5469980598358423,0.258998083217231,0.19400385694692673
0.5256122114827652,0.2440414049675468,0.230346383549688
0.5061081842127546,0.2291902510214271,0.2647015647658183
0.4947199075609689,0.21516811024163843,0.29011198219739265
0.4789711494849792,0.22791066785201508,0.2931181826630056
0.5965778847380249,0.14595238629996915,0.2574697289620061
0.6284773600252314,0.1327405000382617,0.23878213993650688
0.6322671264227266,0.12573879241466374,0.24199408116260968
0.6285334276259603,0.1260886209637716,0.24537795141026794
0.6231128023948336,0.13249313157726206,0.24439406602790434
0.5991260820449936,0.12755417132660993,0.2733197466283964
0.5250243773947688,0.12199524671659448,0.35298037588863673
0.45090443483876375,0.11960188705083176,0.42949367811040456
0.4183239317082966,0.12639343421037025,0.4552826340813331
0.42217279104072636,0.1976228826487651,0.3802043263105087
0.415866442712063,0.18158229243805502,0.40255126484988196
0.40875280330490005,0.21385904292550603,0.3773881537695939
0.40518818173651955,0.23678102526154393,0.3580307930019366
0.407789714841557,0.25085331518779924,0.3413569699706439
0.4093181273330437,0.25961636673232286,0.3310655059346336
0.40808771147952055,0.2652888351324663,0.3266234533880131
0.4079609836818586,0.26807426023017644,0.32396475608796493
0.41440638445686434,0.26515911579441825,0.3204344997487175
0.4285943681276257,0.25493380179645575,0.3164718300759185
0.4460345833734535,0.23894687848739712,0.3150185381391494
0.4602769852754776,0.22022598827706638,0.31949702644745603
0.4671015013229229,0.20106263926435597,0.3318358594127212
0.46515769459700507,0.1829562086289567,0.3518860967740383
0.4551724409855173,0.16708009715105795,0.3777474618634248
0.4394495722266295,0.15424549359381964,0.4063049341795508
0.42104039795748865,0.144841965121275,0.4341176369212364
0.4157246810452923,0.18292870977033304,0.40134660918437465
0.3861654329254507,0.1364637555249647,0.4773708115495846
0.3882888235217587,0.1802199638801622,0.4314912125980792
0.3655493085902489,0.1891760945947325,0.44527459681501863
0.3536271844952529,0.20753891299244295,0.43883390251230425
0.34632883720835456,0.22746658855141128,0.42620457424023417
0.35540813402919375,0.2696417859564245,0.3749500800143817
0.32170270320759026,0.3651440144372432,0.3131532823551666
0.3652858755760195,0.3445122804246439,0.29020184399933674
0.3131561824508846,0.3659559833950025,0.32088783415411287
0.3597427418103056,0.3559679244916445,0.2842893336980499
0.3120393135748073,0.3605210232044238,0.3274396632207689
0.3599688406645837,0.33675550074068655,0.3032756585947297
0.31088197753369823,0.34282356833700084,0.346294454129301
0.27761855821351256,0.3880955442683813,0.3342858975181063
0.3567122345421293,0.3112413456457141,0.3320464198121566
0.3037387430929213,0.3202920490465104,0.37596920786056826
0.2724881322656313,0.37166346915191745,0.3558483985824513
0.34681098451934333,0.29709097586261013,0.3560980396180466
0.26639956351305194,0.36456874728913485,0.3690316891978133
0.2627553916225794,0.3618256768554617,0.3754189315219589
0.25878683015669784,0.3595170471724522,0.38169612267084996
0.25452940516091654,0.3575988376394465,0.38787175719963696
0.25000146649915583,0.35604914382802383,0.39394938967282045
0.24520553860271294,0.3548653761722265,0.3999290852250605
0.24013044457113986,0.354062253223727,0.40580730220513317
0.2347544322809145,0.3536704149712973,0.4115751527477883
0.22904971578161393,0.3537352222777198,0.4172150619406663
0.22298865008774724,0.35431528841649845,0.4226960614957543
0.21655184267295025,0.35547995365522866,0.4279682036718211
0.20973786995024746,0.3573054732803784,0.4329566567693741
0.20257417110966405,0.3598699137842427,0.4375559151060932
0.19512825119115898,0.36324734270742487,0.4416244061014161
0.1875171841197955,0.36750302894541803,0.4449797869347864
0.17991274112806505,0.3726913768721025,0.4473958819998325
0.17253735613774776,0.37885963685478735,0.44860300700746475
0.16561595755432937,0.38607752158602865,0.44830652085964184
0.1593432602886294,0.3944536164957188,0.44620312321565186
0.1539854354322088,0.4040870539812085,0.44192751058658286
0.14969353601688928,0.4150860532795595,0.4352204107035512
